"","AICC","AICH","AICI","AICLog","AICT","WAICC","WAICH","CAICI","WAICLog","WAICT"
"1",6222.63222940681,6224.68407210958,6173.87177260159,6220.62102728132,6221.48188128329,0,0,1,0,0
"2",6043.83732431617,6047.3091976047,6002.32227621179,6047.25448979066,6047.69146173116,0,0,1,0,0
"3",6365.98842152166,6369.07567226859,6293.96211449057,6368.83257807477,6368.90629458229,0,0,1,0,0
"4",5741.25778603591,5736.28144845442,5716.07924826768,5744.74212401454,5741.67740573787,0,0,1,0,0
"5",6126.00861082027,6126.87672707141,6054.60889121316,6124.42175844553,6122.23190270765,0,0,1,0,0
"6",5793.94694883793,5793.96517766026,5756.05983650772,5794.9234053797,5794.51098354271,0,0,1,0,0
"7",5766.85184743944,5769.69997855501,5707.3955937735,5765.94865777098,5766.07978980788,0,0,1,0,0
"8",6228.26760884366,6232.16298378885,6166.45211070138,6229.74936674235,6230.92783512675,0,0,1,0,0
"9",5845.50040839638,5847.58066110934,5776.07103985618,5846.21326986374,5846.01383759677,0,0,1,0,0
"10",6369.32850038334,6373.05837419058,6329.80119002861,6372.66777914805,6372.70938235841,0,0,1,0,0
"11",6183.88080473502,6187.12835851088,6135.22053317949,6181.34890812224,6182.52078864629,0,0,1,0,0
"12",6355.98298309542,6354.01190341753,6287.13280942389,6353.65461598694,6350.46248970018,0,0,1,0,0
"13",6125.98473964484,6125.76523248244,6085.01423745141,6128.13501595893,6128.146727956,0,0,1,0,0
"14",6053.28154679563,6056.46374943472,6020.55346333845,6054.62751381638,6054.82914770175,0,0,1,0,0
"15",5948.84735549298,5951.33355282678,5897.9758130698,5949.26726068081,5949.0546405235,0,0,1,0,0
"16",5818.73977199452,5818.38950639174,5748.13100578109,5819.48735109787,5817.51992883579,0,0,1,0,0
"17",6300.64346863386,6304.45561766087,6255.69776469761,6302.17718903483,6303.69573194337,0,0,1,0,0
"18",6162.86739859881,6166.32164125407,6118.66881083769,6166.34537562477,6166.59610493009,0,0,1,0,0
"19",6078.12085342049,6074.64274747376,6013.34667203093,6068.74415312362,6068.88871578955,0,0,1,0,0
"20",6122.6410116252,6119.07221890471,6080.58725651462,6124.17725309401,6123.25304352203,0,0,1,0,0
"21",6195.06734159665,6196.83192570075,6162.28946167012,6196.24370611179,6195.32340653156,0,0,1,0,0
"22",6125.825746746,6127.72648175568,6047.75358711048,6127.34183991462,6126.79550736229,0,0,1,0,0
"23",6300.71946710433,6304.66551282683,6277.68795908778,6304.04923829382,6303.95479969129,0,0,1,0,0
"24",5964.85969196215,5961.13469271667,5925.45685802845,5962.78444100852,5961.86245915209,0,0,1,0,0
"25",5775.99764047243,5779.49699062548,5723.15294367041,5777.72629392271,5777.73969097316,0,0,1,0,0
"26",5681.74053226745,5685.73813841971,5638.0699829739,5684.29629646603,5684.19796346263,0,0,1,0,0
"27",5928.58638076916,5931.79990440118,5871.31556916224,5931.35000562348,5931.69094743689,0,0,1,0,0
"28",6183.49454348096,6178.14278749175,6102.18856302521,6184.62596807312,6183.1484184407,0,0,1,0,0
"29",5778.24104451478,5780.52662066369,5763.95099267679,5781.10899825875,5780.68726779449,0,0,1,0,0
"30",6048.11167027248,6051.05326533068,6003.58115361533,6050.55024244284,6051.08685712767,0,0,1,0,0
