"","AUCC","AUCH","AUCI","AUCLog","AUCT","WAUCC","WAUCH","CAUCI","WAUCLog","WAUCT"
"1",0.674081100862904,0.662494198695371,0.680956449399783,0.650286350562061,0.650362249053447,0,0,1,0,0
"2",0.68609040405842,0.695966525165914,0.695434076040618,0.682623518399703,0.684681467554894,0,1,0,0,0
"3",0.688078832011183,0.682750265870496,0.70425113300289,0.68114576561308,0.678575840733239,0,0,1,0,0
"4",0.6867589647379,0.673428987420288,0.69301444563611,0.668226908422021,0.661236057766248,0,0,1,0,0
"5",0.667559464917456,0.653776475342078,0.677361790993437,0.638968499590375,0.636969614730951,0,0,1,0,0
"6",0.686246869990908,0.674001733764502,0.697576673632545,0.667307490891729,0.667662706276317,0,0,1,0,0
"7",0.663838133945056,0.655386930356777,0.676561168597037,0.635937105510233,0.635881383830654,0,0,1,0,0
"8",0.673507715387713,0.677998978069598,0.686475442377231,0.688153944380457,0.686603300442868,0,0,0,1,0
"9",0.686517529129431,0.677850180470575,0.704384695065851,0.668630546816191,0.669334671582158,0,0,1,0,0
"10",0.665357006323846,0.660876242453004,0.675775909311759,0.655295443930954,0.655584282475151,0,0,1,0,0
"11",0.687887893776412,0.678513373991548,0.701594674414138,0.658025955628121,0.662600725124856,0,0,1,0,0
"12",0.682901705650599,0.668217216849811,0.695726260590943,0.655633835905894,0.655151714900331,0,0,1,0,0
"13",0.680768891931526,0.675395843619058,0.68691853155645,0.665845491136076,0.667770106947062,0,0,1,0,0
"14",0.680211372997926,0.671576418927161,0.687131252521651,0.664436393405707,0.664081485686405,0,0,1,0,0
"15",0.673918136561981,0.668783848564931,0.684063548644828,0.656899883227829,0.654560752258619,0,0,1,0,0
"16",0.686856091373103,0.679831758972353,0.700787681878804,0.674791672934027,0.67644425057409,0,0,1,0,0
"17",0.67157055566595,0.671858346731217,0.678836122802898,0.653866945463085,0.659493605144788,0,0,1,0,0
"18",0.695457246595123,0.690863136065425,0.703869626514024,0.690917613129485,0.691089209787639,0,0,1,0,0
"19",0.655724961391362,0.635846016560872,0.667997301220423,0.6161332776599,0.618996412321004,0,0,1,0,0
"20",0.676688298295067,0.6636195940836,0.685032226037893,0.655028625298168,0.653719773887528,0,0,1,0,0
"21",0.67654866474907,0.667553364198238,0.68339514431635,0.665956640156464,0.658821995828654,0,0,1,0,0
"22",0.675794354720521,0.676104581293783,0.690323650965794,0.669400123105783,0.673185215581675,0,0,1,0,0
"23",0.67713451395764,0.679602490330079,0.682744375593145,0.670801395681565,0.669038774140648,0,0,1,0,0
"24",0.6893275236972,0.675407087076593,0.694058470080617,0.662627950319603,0.662936390065862,0,0,1,0,0
"25",0.700986442478752,0.692984776028646,0.712496384635473,0.683537984876863,0.682202629407075,0,0,1,0,0
"26",0.682114245397572,0.681543830944347,0.693365831354147,0.681323664339419,0.678603692036252,0,0,1,0,0
"27",0.663505709127705,0.668198754877385,0.673523273463193,0.674726329830048,0.672384897546167,0,0,0,1,0
"28",0.663785497896571,0.652231677877598,0.680296163666828,0.644441502857017,0.643329815039949,0,0,1,0,0
"29",0.679627206482153,0.666916969658375,0.683059680521904,0.665368148824271,0.663792541400444,0,0,1,0,0
"30",0.675053672191155,0.673966953421745,0.683811726673484,0.668230715156676,0.669949638020226,0,0,1,0,0
