"","BICC","BICH","BICI","BICLog","BICT","WBICC","WBICH","CBICI","WBICLog","WBICT"
"1",6252.0787610807,6263.94611434144,6213.13381483345,6259.88306951317,6260.74392351515,0,0,1,0,0
"2",6073.28385599006,6086.57123983656,6041.58431844365,6086.51653202251,6086.95350396302,0,0,1,0,0
"3",6395.43495319555,6408.33771450045,6333.22415672243,6408.09462030663,6408.16833681415,0,0,1,0,0
"4",5770.7043177098,5775.54349068627,5755.34129049953,5784.00416624639,5780.93944796973,0,0,1,0,0
"5",6155.45514249416,6166.13876930326,6093.87093344501,6163.68380067738,6161.49394493951,0,0,1,0,0
"6",5823.39348051182,5833.22721989212,5795.32187873958,5834.18544761156,5833.77302577457,0,0,1,0,0
"7",5796.29837911333,5808.96202078687,5746.65763600536,5805.21070000284,5805.34183203974,0,0,1,0,0
"8",6257.71414051755,6271.42502602071,6205.71415293323,6269.01140897421,6270.18987735861,0,0,1,0,0
"9",5874.94694007027,5886.8427033412,5815.33308208804,5885.4753120956,5885.27587982863,0,0,1,0,0
"10",6398.77503205723,6412.32041642244,6369.06323226047,6411.92982137991,6411.97142459027,0,0,1,0,0
"11",6213.32733640891,6226.39040074274,6174.48257541134,6220.61095035409,6221.78283087815,0,0,1,0,0
"12",6385.42951476932,6393.27394564939,6326.39485165575,6392.91665821879,6389.72453193204,0,0,1,0,0
"13",6155.43127131873,6165.02727471429,6124.27627968327,6167.39705819079,6167.40877018786,0,0,1,0,0
"14",6082.72807846952,6095.72579166658,6059.8155055703,6093.88955604823,6094.09118993361,0,0,1,0,0
"15",5978.29388716688,5990.59559505864,5937.23785530166,5988.52930291266,5988.31668275535,0,0,1,0,0
"16",5848.18630366841,5857.6515486236,5787.39304801295,5858.74939332973,5856.78197106765,0,0,1,0,0
"17",6330.09000030776,6343.71765989273,6294.95980692947,6341.43923126668,6342.95777417523,0,0,1,0,0
"18",6192.31393027271,6205.58368348592,6157.93085306954,6205.60741785663,6205.85814716195,0,0,1,0,0
"19",6107.56738509438,6113.90478970562,6052.60871426279,6108.00619535547,6108.15075802141,0,0,1,0,0
"20",6152.08754329909,6158.33426113656,6119.84929874648,6163.43929532587,6162.51508575389,0,0,1,0,0
"21",6224.51387327054,6236.0939679326,6201.55150390197,6235.50574834365,6234.58544876341,0,0,1,0,0
"22",6155.27227841989,6166.98852398754,6087.01562934233,6166.60388214648,6166.05754959414,0,0,1,0,0
"23",6330.16599877822,6343.92755505869,6316.95000131963,6343.31128052568,6343.21684192315,0,0,1,0,0
"24",5994.30622363604,6000.39673494853,5964.7189002603,6002.04648324037,6001.12450138395,0,0,1,0,0
"25",5805.44417214632,5818.75903285734,5762.41498590227,5816.98833615457,5817.00173320501,0,0,1,0,0
"26",5711.18706394135,5725.00018065157,5677.33202520576,5723.55833869788,5723.46000569449,0,0,1,0,0
"27",5958.03291244305,5971.06194663304,5910.5776113941,5970.61204785534,5970.95298966875,0,0,1,0,0
"28",6212.94107515485,6217.4048297236,6141.45060525707,6223.88801030498,6222.41046067256,0,0,1,0,0
"29",5807.68757618868,5819.78866289555,5803.21303490865,5820.37104049061,5819.94931002635,0,0,1,0,0
"30",6077.55820194637,6090.31530756254,6042.84319584719,6089.8122846747,6090.34889935953,0,0,1,0,0
