"","cvC","cvH","cvI","cvLog","cvT","WcvC","WcvH","CcvI","WcvLog","WcvT"
"1",0.959327966012155,0.980646359121612,0.96101243482726,1.03512852752156,1.01927090856275,1,0,0,0,0
"2",0.977475626288083,0.966986802523423,0.954461219441358,0.982811969366873,0.979743519164318,0,0,1,0,0
"3",0.981112160818512,0.993650316051697,0.970222543359752,1.00183302616718,1.00399257033289,0,0,1,0,0
"4",1.00314227518793,1.04693613220947,0.973197170794201,1.02648143295476,1.06023064419517,0,0,1,0,0
"5",0.923106805765716,0.954842004020636,0.96612512129579,1.01322117154109,1.01186604347331,1,0,0,0,0
"6",0.989691181547674,1.02481370901974,0.972120853465572,1.05055922302913,1.04298927123927,0,0,1,0,0
"7",0.868139863491889,0.884504897991078,0.888616097183146,0.940706379166371,0.926412440459217,1,0,0,0,0
"8",0.981039104990247,0.976319756782012,0.991657695844868,0.957316223392126,0.961566319766951,0,0,0,1,0
"9",0.932259242303491,0.953341752159583,0.915524121828662,0.980939398821988,0.976455502620814,0,0,1,0,0
"10",0.871823643985114,0.878964010568453,0.859719134287588,0.890445065160555,0.88812986939209,0,0,1,0,0
"11",0.966149799828468,0.977565683899995,0.95403374932154,1.06850949029051,1.03725830698057,0,0,1,0,0
"12",0.960732200520288,0.999057449474447,0.970891216790786,1.0562512836046,1.04809313265441,1,0,0,0,0
"13",0.959084027626853,0.980178571578112,0.94839856289032,0.999405631387144,0.990914593031139,0,0,1,0,0
"14",0.982297712264801,0.997895256751865,0.954821209010407,1.02641672130791,1.0210120710746,0,0,1,0,0
"15",0.943413992394266,0.95916700967317,0.940114066049823,0.992948228455897,0.992067275970021,0,0,1,0,0
"16",0.975075630770929,0.996555462158868,0.956104899374059,1.01503597003176,1.00916396668629,0,0,1,0,0
"17",0.992540376175638,0.992450844807455,1.00219989340562,1.04531959104881,1.01822053782103,0,1,0,0,0
"18",0.959435681958109,0.969129273788072,0.951130144486478,0.970071954052461,0.968591198031451,0,0,1,0,0
"19",0.833950140678593,0.882158670341818,0.854997922881285,0.966873042600446,0.937799663697758,1,0,0,0,0
"20",0.956221195103085,0.995300698452887,0.958027197530854,1.00988662726196,1.00670198113349,1,0,0,0,0
"21",0.9631772273284,0.986426192944741,0.94382964876777,0.994794670810249,1.00745800767333,0,0,1,0,0
"22",0.965670227058982,0.962976728662153,0.993958190271524,0.984661344503891,0.971684825044348,0,1,0,0,0
"23",0.89359227333504,0.89142353159452,0.87287225260123,0.906023396523682,0.909325519221776,0,0,1,0,0
"24",1.01379354236122,1.05229791826881,0.986021087044748,1.1029895280683,1.09125032390997,0,0,1,0,0
"25",0.985222559433987,0.99575654222608,0.965715680664096,1.02896466025744,1.02403478846818,0,0,1,0,0
"26",0.953431337199373,0.953739007823064,0.94289535933928,0.959386661584017,0.962165500087726,0,0,1,0,0
"27",0.933772774245295,0.928889720686268,0.923809841085063,0.919798928079804,0.923163952371848,0,0,0,1,0
"28",0.923193546523601,0.970288603441967,0.959544191689135,0.977196381582251,0.980812268385911,1,0,0,0,0
"29",0.97549553774461,0.999085007919619,0.941239529210853,1.00841340432549,1.01071387158692,0,0,1,0,0
"30",0.914457360626386,0.920042066850911,0.901308338399676,0.933498709125383,0.92540264016692,0,0,1,0,0
